490
497
492
494
495
498
500
502
503
506
508
509
511
514
516
516
519
522
522
525
525
528
529
530
531
531
534
536
537
538
539
541
543
544
546
546
547
548
549
549
550
550
552
551
552
551
552
551
552
550
550
550
550
550
549
549
549
549
547
548
546
546
543
544
543
542
538
539
536
536
533
532
530
529
526
525
523
522
520
518
517
515
513
510
509
507
506
503
502
499
499
496
495
493
500
497
489
487
486
483
482
480
479
478
477
477
476
474
473
471
470
469
467
468
467
467
466
467
465
467
465
466
465
466
466
467
467
466
467
467
468
469
470
472
472
472
472
474
475
475
478
479
481
482
484
484
488
488
491
490
493
495
497
497
501
502
505
507
508
509
511
514
514
517
518
522
522
524
526
528
528
532
532
535
534
537
536
539
539
541
542
543
544
545
548
548
549
550
551
551
552
551
552
552
553
552
552
551
552
550
551
549
551
549
550
549
549
549
547
547
545
544
544
542
541
540
537
537
534
534
532
531
529
528
525
523
522
521
519
517
515
513
512
509
507
505
504
503
501
499
496
495
493
491
490
487
488
485
485
483
482
479
479
477
477
475
474
473
471
469
468
467
468
467
468
466
466
466
466
467
465
466
465
467
466
467
467
469
468
471
470
472
471
473
472
473
474
474
476
478
479
481
482
484
486
486
489
489
491
492
495
496
499
499
503
503
507
507
510
511
514
516
516
519
522
522
524
526
527
529
529
533
532
535
535
537
537
540
541
543
544
545
546
549
548
549
550
549
551
550
558
558
552
552
553
552
552
552
551
550
549
551
550
550
550
549
549
547
547
544
545
543
542
540
538
537
536
535
532
532
530
537
531
526
524
522
520
518
517
515
513
511
508
507
505
504
500
500
498
496
494
491
491
489
488
487
485
483
483
481
480
485
479
475
475
473
473
470
470
468
469
467
468
466
466
465
465
465
465
465
465
466
465
466
466
467
467
468
468
470
469
473
472
473
473
475
475
477
478
480
481
481
484
485
486
489
490
492
493
495
497
498
501
501
504
506
509
510
513
513
517
517
520
520
524
524
526
527
528
530
531
533
535
536
537
538
540
542
542
545
545
547
547
549
548
551
550
551
551
552
551
553
551
551
557
554
552
552
551
550
550
550
549
549
549
548
548
545
545
543
543
541
539
538
537
535
534
533
530
530
528
526
526
523
524
521
517
516
514
512
510
508
506
504
502
501
498
498
493
494
492
491
488
487
486
484
484
482
480
480
478
477
476
473
473
472
471
468
469
466
467
465
466
465
466
464
465
464
466
465
466
467
466
466
467
467
470
469
470
471
471
471
472
473
473
476
477
479
480
482
482
484
486
489
488
491
491
493
496
497
498
501
503
505
507
509
510
512
515
516
519
519
522
524
526
527
530
529
530
533
535
534
536
538
538
539
542
544
546
546
547
548
548
550
550
551
551
552
551
553
552
552
552
553
551
553
550
551
550
557
549
550
549
549
548
548
546
544
544
542
541
539
537
535
535
533
531
529
529
527
527
524
524
520
519
516
515
512
512
510
508
506
504
502
500
498
496
495
493
491
488
488
486
485
484
484
481
481
480
478
476
475
473
471
471
470
467
466
467
472
471
465
465
464
466
464
464
465
466
465
468
466
468
467
469
468
470
470
471
471
471
472
474
475
475
478
478
480
481
484
485
488
488
489
490
493
494
497
498
500
501
504
505
508
509
511
513
514
517
520
521
522
525
525
528
529
531
531
534
533
536
537
539
539
542
542
544
545
546
547
548
548
550
550
552
551
551
551
550
553
550
552
550
552
550
551
550
550
549
549